4294967293,131
4294967293,130
4294967293,129
4294967293,128
4294967293,127
4294967293,126
4294967293,125
4294967293,124
4294967293,123
4294967293,122
4294967293,121
4294967293,120
4294967293,119
4294967293,118
4294967293,117
4294967293,116
4294967293,115
4294967293,114
4294967293,113
4294967293,112
4294967293,111
4294967293,110
4294967293,109
4294967293,108
4294967293,107
4294967293,106
4294967293,105
4294967293,104
4294967293,103
4294967293,102
4294967293,101
4294967293,100
4294967293,99
4294967293,98
4294967293,97
4294967293,96
4294967293,95
4294967293,94
4294967293,93
4294967293,92
4294967293,91
4294967293,90
4294967293,89
4294967293,87
4294967293,86
4294967293,85
4294967293,84
4294967293,83
4294967293,82
4294967293,81
4294967293,80
4294967293,79
4294967293,78
4294967293,77
4294967293,76
4294967293,75
4294967293,74
4294967293,73
4294967293,72
4294967293,71
4294967293,70
4294967293,69
4294967293,68
4294967293,67
4294967293,66
4294967293,65
4294967293,64
4294967293,63
4294967293,62
4294967293,61
4294967293,60
4294967293,59
4294967293,58
4294967293,57
4294967293,56
4294967293,55
4294967293,54
4294967293,53
4294967293,52
4294967293,51
4294967293,50
4294967293,49
4294967293,48
4294967293,47
4294967293,46
4294967293,45
4294967293,44
4294967293,43
4294967293,42
4294967293,41
4294967293,40
4294967293,39
4294967293,38
4294967293,37
4294967293,36
4294967293,35
4294967293,34
4294967293,33
4294967293,32
4294967293,31
4294967293,30
4294967293,29
4294967293,28
4294967293,27
4294967293,26
4294967293,25
4294967293,24
4294967293,23
4294967293,22
4294967293,21
4294967293,20
4294967293,19
4294967293,18
4294967293,17
4294967293,16
4294967293,15
4294967293,14
4294967293,13
4294967293,12
4294967293,11
4294967293,10
4294967293,9
4294967293,8
4294967293,7
4294967293,6
4294967293,5
4294967293,4
4294967293,3
4294967278,132
4294967278,131
4294967278,112
4294967278,108
4294967278,371
4294967278,292
4294967278,107
4294967278,105
4294967278,104
4294967278,103
4294967278,102
4294967278,101
4294967278,100
4294967278,98
4294967278,97
4294967278,368
4294967278,373
4294967278,96
4294967278,95
4294967278,94
4294967278,93
4294967278,92
4294967278,367
4294967278,366
4294967278,91
4294967278,446
4294967278,90
4294967278,419
4294967278,89
4294967278,365
4294967278,445
4294967278,87
4294967278,86
4294967278,85
4294967278,84
4294967278,83
4294967278,82
4294967278,396
4294967278,81
4294967278,80
4294967278,79
4294967278,78
4294967278,77
4294967278,76
4294967278,443
4294967278,75
4294967278,74
4294967278,73
4294967278,72
4294967278,71
4294967278,70
4294967278,69
4294967278,63
4294967278,62
4294967278,58
4294967278,57
4294967278,56
4294967278,52
4294967278,46
4294967278,360
4294967278,42
4294967278,36
4294967278,29
4294967278,27
4294967278,24
4294967278,21
4294967278,18
4294967278,17
4294967278,272
4294967278,16
4294967278,15
4294967278,13
4294967278,12
4294967278,10
4294967278,9
4294967278,8
4294967278,7
4294967278,6
4294967278,347
4294967278,5
4294967278,174
4294967278,2
4294967278,0
4294967279,266
4294967279,111
4294967279,110
4294967279,108
4294967279,350
4294967279,107
4294967279,105
4294967279,104
4294967279,224
4294967279,214
4294967279,102
4294967279,101
4294967279,100
4294967279,98
4294967279,532
4294967279,97
4294967279,90
4294967279,89
4294967279,84
4294967279,82
4294967279,306
4294967279,76
4294967279,70
4294967279,64
4294967279,58
4294967279,57
4294967279,53
4294967279,48
4294967279,526
4294967279,47
4294967279,43
4294967279,36
4294967279,2
4294967279,260
4294967279,0
4294967279,539
4294967294,1429
4294967294,1160
4294967294,1426
4294967294,1162
4294967294,481
4294967294,9
4294967278,235
4294967278,447
4294967279,283
4294967279,220
4294967294,793
4294967294,1384
4294967294,921
4294967294,951
4294967294,478
4294967294,479
4294967294,1158
4294967294,502
4294967294,1161
4294967294,161
4294967294,1414
4294967294,743
4294967294,742
4294967294,741
4294967294,739
4294967294,738
4294967294,737
4294967294,72
4294967294,71
4294967294,732
4294967294,731
4294967294,727
4294967294,135
4294967294,726
4294967294,724
4294967294,70
4294967294,701
4294967294,784
4294967294,697
4294967294,686
4294967294,685
4294967294,920
4294967294,676
4294967294,675
4294967294,674
4294967294,668
4294967294,663
4294967294,662
4294967294,660
4294967294,657
4294967294,656
4294967294,654
4294967294,653
4294967294,652
4294967294,651
4294967294,648
4294967294,647
4294967294,645
4294967294,640
4294967294,1637
4294967294,167
4294967294,99
1,0
4294967294,637
4294967294,636
4294967294,634
4294967294,633
4294967294,499
4294967294,632
4294967294,630
4294967294,629
4294967294,628
4294967294,627
4294967294,626
4294967294,625
4294967294,624
4294967294,617
4294967294,616
4294967294,615
4294967294,1447
4294967294,614
4294967294,613
4294967294,1431
4294967294,796
4294967294,611
4294967294,104
4294967294,106
4294967294,107
4294967294,608
4294967294,607
4294967294,606
4294967294,605
4294967294,603
4294967294,602
4294967294,1636
4294967294,601
4294967294,600
4294967294,599
4294967294,598
4294967294,597
4294967294,595
4294967294,594
4294967294,593
4294967294,591
4294967294,590
4294967294,589
4294967294,588
4294967294,585
4294967294,584
4294967294,583
4294967294,582
4294967294,580
4294967294,1635
4294967294,768
4294967294,141
4294967294,1634
4294967294,1155
4294967294,1432
4294967294,1403
4294967294,1633
4294967294,1632
4294967294,824
4294967294,308
4294967294,305
4294967294,304
4294967294,1440
4294967294,298
4294967294,297
4294967294,296
4294967294,294
4294967294,290
4294967294,1631
4294967294,1152
4294967294,280
4294967294,801
4294967294,268
4294967294,267
4294967294,266
4294967294,265
4294967294,131
4294967294,258
4294967294,256
4294967294,255
4294967294,254
4294967294,1442
4294967294,253
4294967294,243
4294967294,240
4294967294,239
4294967294,237
4294967294,236
4294967294,234
4294967294,1146
4294967294,231
4294967294,1416
4294967294,223
4294967294,222
4294967294,1147
4294967294,1148
4294967294,215
4294967294,212
4294967294,1450
4294967294,1685
4294967294,1628
4294967294,1389
4294967294,1629
4294967294,1630
4294967294,791
4294967294,1439
4294967294,203
4294967294,950
4294967294,1627
4294967294,195
4294967294,1349
4294967294,192
4294967294,1626
4294967294,566
4294967294,790
4294967294,558
4294967294,557
4294967294,775
4294967294,1625
4294967294,1443
4294967294,1129
4294967294,1677
4294967294,989
4294967294,24
4294967294,1668
4294967294,1344
4294967294,773
4294967294,986
4294967294,1619
4294967294,774
4294967279,218
4294967279,531
4294967278,408
4294967278,275
4294967278,363
4294967279,574
4294967278,362
4294967279,573
4294967279,286
4294967278,361
4294967279,572
4294967279,281
4294967278,387
4294967279,571
4294967278,263
4294967279,570
4294967278,370
4294967278,358
4294967279,569
4294967278,355
4294967278,394
4294967278,432
4294967279,575
4294967279,353
4294967278,350
4294967279,368
4294967278,417
4294967278,252
4294967279,300
4294967278,364
4294967294,1153
4294967294,1624
4294967294,46
4294967294,1669
4294967294,1689
4294967294,1623
4294967294,1622
4294967294,1709
4294967294,1621
4294967294,1092
4294967294,1127
4294967294,812
4294967294,1670
4294967294,1381
4294967294,1618
4294967294,1616
4294967294,1615
4294967294,437
4294967294,2
4294967294,794
4294967294,792
4294967294,1415
4294967294,769
4294967294,1692
4294967294,1674
4294967294,1613
4294967294,988
4294967294,5
4294967294,1680
4294967294,1612
4294967294,1688
4294967294,1686
4294967294,1684
4294967294,1683
4294967294,1
4294967294,1679
4294967294,1610
4294967294,1451
4294967294,1673
4294967294,1608
4294967294,786
4294967294,44
4294967294,187
4294967294,28
4294967294,443
4294967294,29
4294967294,51
4294967294,1666
4294967294,92
4294967294,898
4294967294,91
4294967294,90
4294967294,88
4294967294,87
4294967294,86
4294967294,27
4294967294,514
4294967294,455
4294967294,423
4294967294,25
4294967294,1471
4294967294,26
4294967294,53
4294967294,52
4294967294,1603
4294967294,45
4294967294,3
4294967294,82
4294967294,43
4294967294,1602
4294967294,507
4294967294,1600
4294967294,1664
4294967294,469
4294967294,1420
4294967294,442
4294967294,1667
4294967294,409
4294967294,778
4294967294,8
4294967294,1470
4294967294,1465
4294967294,536
4294967294,1682
4294967294,389
4294967294,535
4294967294,1418
4294967294,1452
4294967294,528
4294967294,430
4294967294,125
4294967294,1134
4294967294,777
4294967294,1526
4294967294,1525
4294967294,1524
4294967294,1523
4294967294,1522
4294967294,1520
4294967294,1521
4294967294,1519
4294967294,1518
4294967294,1517
4294967294,1516
4294967294,1515
4294967294,1514
4294967294,1513
4294967294,1512
4294967294,1511
4294967294,1510
4294967278,286
4294967278,404
4294967278,329
4294967278,336
4294967278,334
4294967278,401
4294967279,374
4294967279,372
4294967278,271
4294967279,563
4294967279,553
4294967278,319
4294967278,395
4294967278,427
4294967279,216
4294967279,568
4294967279,562
4294967278,337
4294967278,225
4294967279,561
4294967278,313
4294967279,548
4294967278,374
4294967278,325
4294967278,349
4294967279,567
4294967279,547
4294967279,558
4294967279,345
4294967278,332
4294967278,323
4294967278,379
4294967279,544
4294967278,341
4294967278,340
4294967279,564
4294967278,331
4294967278,310
4294967279,557
4294967278,320
4294967278,393
4294967278,330
4294967278,343
4294967279,337
4294967279,549
4294967279,559
4294967279,311
4294967279,566
4294967294,797
4294967294,452
4294967294,453
4294967294,414
4294967294,448
4294967294,449
4294967294,779
4294967294,178
4294967294,420
4294967294,156
4294967294,398
4294967294,408
4294967294,397
4294967294,400
4294967294,410
4294967294,412
4294967294,416
4294967294,451
4294967294,450
4294967294,411
4294967294,181
4294967294,184
4294967294,180
4294967294,1413
4294967294,401
4294967294,188
4294967294,185
4294967294,177
4294967294,182
4294967294,0
4294967294,972
4294967294,971
4294967294,973
4294967294,969
4294967294,1142
4294967294,84
4294967294,169
4294967294,1436
4294967294,183
4294967294,189
4294967294,119
4294967294,1423
4294967294,1509
4294967294,1508
4294967294,1507
4294967294,1506
4294967294,1505
4294967294,1503
4294967294,1504
4294967294,1502
4294967294,1501
4294967294,1500
4294967294,1499
4294967294,1498
4294967294,1497
4294967294,1496
4294967294,1495
4294967294,392
4294967294,1494
4294967294,1493
4294967294,393
4294967294,946
4294967294,94
4294967294,174
4294967294,172
4294967294,171
4294967294,173
4294967294,170
4294967294,166
4294967294,1492
4294967294,1491
4294967294,1490
4294967294,1489
4294967294,1488
4294967294,1486
4294967294,1487
4294967294,1485
4294967294,1484
4294967294,1483
4294967294,1482
4294967294,1481
4294967294,390
4294967294,1480
4294967294,1479
4294967294,1478
4294967294,163
4294967294,1477
4294967294,1476
4294967294,1475
4294967294,1474
4294967294,1473
4294967294,190
4294967294,1472
4294967294,383
4294967294,381
4294967294,382
4294967294,380
4294967294,379
